A = [8 4; 27 9];
b = [3; 16];
A\b